Paddle 190 500
Ball 210 205 5 5
Blocks 27
Stone 66.8333 50 3
Stone 200.5 50 3
Stone 334.167 50 3
Stone 467.833 50 3
Stone 601.5 50 3
Stone 735.167 50 3
Stone 66.8333 77 2
Stone 200.5 77 2
Stone 334.167 77 2
Stone 467.833 77 2
Stone 601.5 77 2
Stone 735.167 77 2
Stone 66.8333 104 2
Stone 200.5 104 2
Stone 334.167 104 2
Stone 467.833 104 2
Stone 601.5 104 2
Stone 735.167 104 2
Stone 66.8333 131 1
Stone 200.5 131 1
Stone 334.167 131 1
Stone 467.833 131 1
Stone 601.5 131 1
Stone 735.167 131 1
Stone 66.8333 158 1
Stone 200.5 158 1
Stone 467.833 158 1
